1) 34
2) 76
3) 23
4) 38
5) 9
6) 38
7) 15
8) 48
9) 49
10) 20
11) 27
12) 60
13) 7
14) 48
15) 30
16) 79
17) 10
18) 67
19) 78
20) 77
21) 8
22) 57
23) 39
24) 78
25) 17
26) 36
27) 32
28) 49
29) 80
30) 8
31) 16
32) 18
33) 58
34) 81
35) 28
36) 13
37) 16
38) 76
39) 51
40) 35
41) 40
42) 46
43) 57
44) 79
45) 43
46) 18
47) 73
48) 27
49) 27
50) 13
51) 57
52) 29
53) 49
54) 53
55) 79
56) 13
57) 15
58) 60
59) 41
60) 46
61) 16
62) 56
63) 81
64) 80
65) 8
66) 68
67) 19
68) 29
69) 41
70) 74
71) 23
72) 61
73) 69
74) 48
75) 65
76) 63
77) 17
78) 30
79) 63
80) 31
81) 41
82) 82
83) 7
84) 27
85) 50
86) 38
87) 44
88) 81
89) 29
90) 51
91) 82
92) 6
93) 26
94) 37
95) 80
96) 65
97) 28
98) 24
99) 33
100) 39
101) 25
102) 41
103) 41
104) 25
105) 14
106) 8
107) 8
108) 74
109) 71
110) 25
111) 45
112) 65
113) 11
114) 24
115) 45
116) 8
117) 84
118) 40
119) 22
120) 62
121) 51
122) 15
123) 74
124) 74
125) 7
126) 70
127) 9
128) 6
129) 74
130) 25
131) 73
132) 8
133) 49
134) 61
135) 55
136) 62
137) 14
138) 76
139) 36
140) 63
141) 50
142) 75
143) 82
144) 14
145) 15
146) 66
147) 55
148) 38
149) 44
150) 16
151) 52
152) 46
153) 67
154) 74
155) 60
156) 42
157) 37
158) 65
159) 47
160) 82
161) 25
162) 10
163) 26
164) 60
165) 25
166) 22
167) 36
168) 15
169) 74
170) 61
171) 15
172) 22
173) 58
174) 29
175) 37
176) 72
177) 81
178) 72
179) 19
180) 31
181) 11
182) 35
183) 47
184) 24
185) 31
186) 62
187) 19
188) 23
189) 7
190) 15
191) 58
192) 52
193) 74
194) 8
195) 6
196) 12
197) 77
198) 28
199) 75
200) 32
201) 8
202) 70
203) 71
204) 76
205) 29
206) 76
207) 82
208) 54
209) 6
210) 22
211) 51
212) 64
213) 85
214) 80
215) 30
216) 53
217) 11
218) 17
219) 25
220) 26
221) 40
222) 18
223) 82
224) 32
225) 14
226) 72
227) 46
228) 82
229) 75
230) 7
231) 55
232) 81
233) 65
234) 69
235) 20
236) 66
237) 26
238) 60
239) 53
240) 84
241) 33
242) 8
243) 69
244) 19
245) 61
246) 13
247) 55
248) 27
249) 45
250) 48
251) 71
252) 59
253) 36
254) 63
255) 36
256) 79
257) 14
258) 17
259) 33
260) 17
261) 70
262) 17
263) 39
264) 38
265) 19
266) 23
267) 41
268) 12
269) 65
270) 73
271) 27
272) 34
273) 78
274) 50
275) 8
276) 21
277) 40
278) 19
279) 53
280) 7
281) 47
282) 18
283) 48
284) 56
285) 73
286) 77
287) 35
288) 36
289) 24
290) 10
291) 26
292) 53
293) 51
294) 58
295) 14
296) 54
297) 50
298) 64
299) 61
300) 5
301) 16
302) 39
303) 69
304) 41
305) 24
306) 30
307) 11
308) 53
309) 24
310) 60
311) 17
312) 60
313) 47
314) 76
315) 63
316) 43
317) 16
318) 84
319) 54
320) 52
321) 52
322) 24
323) 57
324) 24
325) 34
326) 15
327) 29
328) 19
329) 52
330) 28
331) 77
332) 80
333) 8
334) 44
335) 74
336) 69
337) 31
338) 34
339) 36
340) 17
341) 78
342) 39
343) 57
344) 24
345) 49
346) 35
347) 27
348) 46
349) 25
350) 81
351) 63
352) 62
353) 56
354) 18
355) 47
356) 62
357) 51
358) 40
359) 14
360) 11
361) 81
362) 31
363) 36
364) 62
365) 81
366) 39
367) 10
368) 61
369) 20
370) 65
371) 11
372) 55
373) 7
374) 71
375) 72
376) 53
377) 48
378) 29
379) 64
380) 24
381) 10
382) 8
383) 30
384) 30
385) 38
386) 74
387) 8
388) 10
389) 75
390) 58
391) 39
392) 8
393) 76
394) 32
395) 5
396) 30
397) 85
398) 64
399) 31
400) 37
401) 78
402) 80
403) 73
404) 50
405) 74
406) 48
407) 30
408) 84
409) 84
410) 75
411) 34
412) 14
413) 51
414) 58
415) 66
416) 64
417) 52
418) 59
419) 43
420) 56
421) 24
422) 13
423) 14
424) 28
425) 21
426) 11
427) 28
428) 74
429) 17
430) 24
431) 12
432) 39
433) 53
434) 66
435) 48
436) 77
437) 85
438) 44
439) 62
440) 77
441) 79
442) 59
443) 84
444) 67
445) 22
446) 72
447) 75
448) 14
449) 14
450) 14
451) 28
452) 56
453) 75
454) 57
455) 76
456) 20
457) 53
458) 85
459) 38
460) 37
461) 59
462) 29
463) 12
464) 49
465) 63
466) 22
467) 22
468) 67
469) 34
470) 61
471) 34
472) 24
473) 32
474) 20
475) 47
476) 34
477) 5
478) 79
479) 34
480) 8
481) 58
482) 85
483) 15
484) 42
485) 67
486) 49
487) 33
488) 53
489) 76
490) 64
491) 59
492) 22
493) 11
494) 17
495) 82
496) 48
497) 46
498) 49
499) 6
500) 69
501) 5
502) 81
503) 10
504) 60
505) 72
506) 83
507) 16
508) 60
509) 72
510) 43
511) 32
512) 71
513) 28
514) 52
515) 12
516) 57
517) 23
518) 13
519) 46
520) 52
521) 38
522) 54
523) 84
524) 8
525) 47
526) 53
527) 25
528) 73
529) 8
530) 10
531) 65
532) 28
533) 31
534) 22
535) 12
536) 66
537) 79
538) 40
539) 56
540) 45
541) 34
542) 56
543) 27
544) 12
545) 59
546) 21
547) 14
548) 12
549) 19
550) 41
551) 25
552) 9
553) 80
554) 67
555) 42
556) 29
557) 13
558) 27
559) 78
560) 72
561) 37
562) 5
563) 72
564) 48
565) 43
566) 17
567) 46
568) 30
569) 59
570) 8
571) 77
572) 25
573) 45
574) 72
575) 50
576) 78
577) 77
578) 41
579) 22
580) 7
581) 43
582) 72
583) 36
584) 74
585) 68
586) 76
587) 74
588) 75
589) 10
590) 37
591) 65
592) 15
593) 66
594) 85
595) 69
596) 78
597) 36
598) 19
599) 69
600) 46
601) 18
602) 55
603) 84
604) 39
605) 79
606) 61
607) 80
608) 48
609) 56
610) 54
611) 84
612) 54
613) 14
614) 64
615) 14
616) 44
617) 71
618) 45
619) 44
620) 76
621) 84
622) 82
623) 40
624) 23
625) 29
626) 67
627) 77
628) 44
629) 60
630) 34
631) 29
632) 79
633) 7
634) 45
635) 48
636) 11
637) 85
638) 49
639) 10
640) 57
641) 11
642) 19
643) 25
644) 14
645) 79
646) 72
647) 41
648) 38
649) 38
650) 17
651) 36
652) 69
653) 57
654) 53
655) 14
656) 84
657) 16
658) 72
659) 45
660) 61
661) 76
662) 85
663) 68
664) 69
665) 78
666) 79
667) 34
668) 71
669) 45
670) 41
671) 48
672) 26
673) 79
674) 29
675) 78
676) 36
677) 47
678) 50
679) 36
680) 79
681) 37
682) 73
683) 60
684) 78
685) 57
686) 23
687) 71
688) 83
689) 10
690) 64
691) 54
692) 29
693) 17
694) 50
695) 84
696) 76
697) 37
698) 12
699) 6
700) 39
701) 34
702) 52
703) 66
704) 53
705) 70
706) 47
707) 11
708) 30
709) 20
710) 5
711) 24
712) 47
713) 25
714) 8
715) 62
716) 80
717) 76
718) 81
719) 74
720) 63
721) 24
722) 5
723) 31
724) 39
725) 42
726) 22
727) 71
728) 53
729) 14
730) 24
731) 53
732) 19
733) 72
734) 77
735) 9
736) 77
737) 5
738) 60
739) 78
740) 82
741) 52
742) 38
743) 28
744) 57
745) 30
746) 13
747) 31
748) 64
749) 38
750) 5
751) 50
752) 45
753) 35
754) 53
755) 41
756) 41
757) 12
758) 40
759) 31
760) 71
761) 73
762) 77
763) 28
764) 42
765) 74
766) 46
767) 20
768) 9
769) 24
770) 73
771) 64
772) 34
773) 10
774) 27
775) 59
776) 47
777) 7
778) 78
779) 17
780) 19
781) 15
782) 32
783) 10
784) 78
785) 62
786) 76
787) 37
788) 19
789) 50
790) 68
791) 65
792) 14
793) 56
794) 24
795) 6
796) 17
797) 66
798) 27
799) 60
800) 35
801) 25
802) 35
803) 54
804) 22
805) 24
806) 76
807) 32
808) 25
809) 29
810) 66
811) 76
812) 28
813) 21
814) 64
815) 41
816) 85
817) 10
818) 66
819) 19
820) 9
821) 12
822) 9
823) 77
824) 8
825) 66
826) 66
827) 72
828) 39
829) 9
830) 64
831) 54
832) 42
833) 31
834) 85
835) 55
836) 68
837) 11
838) 48
839) 67
840) 58
841) 18
842) 77
843) 75
844) 56
845) 85
846) 49
847) 15
848) 82
849) 54
850) 84
851) 12
852) 57
853) 64
854) 24
855) 67
856) 75
857) 41
858) 40
859) 34
860) 68
861) 85
862) 15
863) 74
864) 30
865) 59
866) 53
867) 50
868) 70
869) 65
870) 79
871) 66
872) 6
873) 9
874) 50
875) 57
876) 35
877) 23
878) 33
879) 43
880) 41
881) 63
882) 33
883) 33
884) 50
885) 70
886) 14
887) 44
888) 23
889) 34
890) 64
891) 82
892) 38
893) 20
894) 77
895) 59
896) 59
897) 59
898) 77
899) 69
900) 24
901) 55
902) 31
903) 84
904) 35
905) 41
906) 77
907) 28
908) 22
909) 27
910) 5
911) 18
912) 78
913) 14
914) 9
915) 48
916) 85
917) 38
918) 85
919) 72
920) 54
921) 29
922) 45
923) 10
924) 55
925) 41
926) 62
927) 24
928) 16
929) 12
930) 47
931) 38
932) 47
933) 39
934) 22
935) 46
936) 9
937) 72
938) 5
939) 10
940) 44
941) 83
942) 81
943) 74
944) 14
945) 65
946) 29
947) 26
948) 58
949) 29
950) 9
951) 54
952) 25
953) 85
954) 54
955) 24
956) 67
957) 74
958) 38
959) 20
960) 16
961) 25
962) 63
963) 15
964) 24
965) 61
966) 35
967) 30
968) 27
969) 24
970) 47
971) 42
972) 50
973) 17
974) 36
975) 12
976) 52
977) 30
978) 16
979) 65
980) 77
981) 60
982) 16
983) 10
984) 68
985) 25
986) 32
987) 67
988) 63
989) 24
990) 49
991) 76
992) 41
993) 48
994) 6
995) 60
996) 43
997) 12
998) 18
999) 72
1000) 52
1001) 23
1002) 35
1003) 41
1004) 37
1005) 56
1006) 26
1007) 60
1008) 33
1009) 61
1010) 67
1011) 74
1012) 17
1013) 31
1014) 59
1015) 56
1016) 60
1017) 74
1018) 39
1019) 85
1020) 5
1021) 29
1022) 37
1023) 23
1024) 62
1025) 28
1026) 83
1027) 57
1028) 84
1029) 55
1030) 68
1031) 23
1032) 76
1033) 74
1034) 16
1035) 26
1036) 46
1037) 37
1038) 58
1039) 6
1040) 16
1041) 71
1042) 50
1043) 66
1044) 40
1045) 41
1046) 85
1047) 74
1048) 22
1049) 9
1050) 14
1051) 84
1052) 64
1053) 32
1054) 79
1055) 77
1056) 65
1057) 71
1058) 16
1059) 52
1060) 50
1061) 15
1062) 85
1063) 60
1064) 24
1065) 54
1066) 17
1067) 63
1068) 11
1069) 26
1070) 36
1071) 20
1072) 82
1073) 48
1074) 14
1075) 46
1076) 32
1077) 35
1078) 43
1079) 48
1080) 38
1081) 63
1082) 52
1083) 70
1084) 7
1085) 49
1086) 26
1087) 11
1088) 71
1089) 14
1090) 78
1091) 24
1092) 84
1093) 50
1094) 32
1095) 65
1096) 26
1097) 57
1098) 77
1099) 73
1100) 24
1101) 58
1102) 9
1103) 31
1104) 31
1105) 62
1106) 32
1107) 6
1108) 82
1109) 32
1110) 63
1111) 82
1112) 69
1113) 61
1114) 74
1115) 70
1116) 54
1117) 75
1118) 69
1119) 25
1120) 49
1121) 8
1122) 24
1123) 6
1124) 29
1125) 21
1126) 50
1127) 74
1128) 69
1129) 5
1130) 13
1131) 60
1132) 30
1133) 46
1134) 25
1135) 78
1136) 36
1137) 29
1138) 9
1139) 63
1140) 47
1141) 23
1142) 55
1143) 58
1144) 14
1145) 73
1146) 9
1147) 77
1148) 71
1149) 82
1150) 58
1151) 34
1152) 31
1153) 83
1154) 42
1155) 45
1156) 85
1157) 20
1158) 10
1159) 66
1160) 82
1161) 74
1162) 15
1163) 49
1164) 15
1165) 26
1166) 41
1167) 23
1168) 26
1169) 61
1170) 61
1171) 61
1172) 37
1173) 63
1174) 57
1175) 22
1176) 34
1177) 48
1178) 20
1179) 24
1180) 11
1181) 65
1182) 85
1183) 62
1184) 35
1185) 37
1186) 78
1187) 70
1188) 55
1189) 29
1190) 50
1191) 66
1192) 26
1193) 69
1194) 61
1195) 72
1196) 53
1197) 75
1198) 30
1199) 10
1200) 33
1201) 34
1202) 45
1203) 23
1204) 84
1205) 71
1206) 57
1207) 5
1208) 49
1209) 53
1210) 62
1211) 79
1212) 70
1213) 41
1214) 39
1215) 40
1216) 23
1217) 26
1218) 73
1219) 63
1220) 40
1221) 60
1222) 31
1223) 37
1224) 12
1225) 42
1226) 5
1227) 45
1228) 69
1229) 73
1230) 19
1231) 49
1232) 70
1233) 24
1234) 22
1235) 59
1236) 59
1237) 66
1238) 38
1239) 30
1240) 34
1241) 45
1242) 51
1243) 76
1244) 6
1245) 15
1246) 6
1247) 16
1248) 70
1249) 49
1250) 43
1251) 29
1252) 53
1253) 57
1254) 80
1255) 62
1256) 8
1257) 6
1258) 60
1259) 33
1260) 25
1261) 10
1262) 45
1263) 20
1264) 65
1265) 31
1266) 10
1267) 53
1268) 6
1269) 42
1270) 24
1271) 33
1272) 38
1273) 16
1274) 52
1275) 14
1276) 40
1277) 79
1278) 63
1279) 67
1280) 71
1281) 18
1282) 8
1283) 10
1284) 46
1285) 28
1286) 56
1287) 5
1288) 16
1289) 19
1290) 76
1291) 17
1292) 56
1293) 19
1294) 50
1295) 37
1296) 5
1297) 15
1298) 59
1299) 58
1300) 20
1301) 26
1302) 38
1303) 63
1304) 11
1305) 80
1306) 57
1307) 28
1308) 62
1309) 38
1310) 54
1311) 65
1312) 66
1313) 22
1314) 12
1315) 69
1316) 52
1317) 11
1318) 33
1319) 52
1320) 16
1321) 8
1322) 12
1323) 69
1324) 61
1325) 10
1326) 32
1327) 47
1328) 35
1329) 14
1330) 58
1331) 53
1332) 33
1333) 20
1334) 42
1335) 32
1336) 50
1337) 31
1338) 5
1339) 53
1340) 54
1341) 73
1342) 85
1343) 69
1344) 50
1345) 55
1346) 64
1347) 73
1348) 27
1349) 15
1350) 65
1351) 16
1352) 60
1353) 39
1354) 34
1355) 85
1356) 27
1357) 78
1358) 35
1359) 25
1360) 68
1361) 33
1362) 55
1363) 40
1364) 72
1365) 83
1366) 57
1367) 50
1368) 81
1369) 28
1370) 39
1371) 47
1372) 49
1373) 30
1374) 72
1375) 8
1376) 76
1377) 45
1378) 50
1379) 65
1380) 60
1381) 37
1382) 24
1383) 19
1384) 29
1385) 84
1386) 59
1387) 78
1388) 63
1389) 17
1390) 16
1391) 15
1392) 54
1393) 30
1394) 85
1395) 68
1396) 80
1397) 61
1398) 43
1399) 16
1400) 52
1401) 72
1402) 50
1403) 59
1404) 80
1405) 8
1406) 73
1407) 46
1408) 26
1409) 68
1410) 43
1411) 57
1412) 81
1413) 6
1414) 27
1415) 20
1416) 25
1417) 79
1418) 76
1419) 85
1420) 12
1421) 79
1422) 53
1423) 60
1424) 12
1425) 11
1426) 67
1427) 27
1428) 51
1429) 58
1430) 10
1431) 23
1432) 62
1433) 36
1434) 48
1435) 17
1436) 66
1437) 58
1438) 37
1439) 18
1440) 54
1441) 16
1442) 43
1443) 74
1444) 23
1445) 43
1446) 62
1447) 47
1448) 22
1449) 52
1450) 79
1451) 62
1452) 34
1453) 19
1454) 48
1455) 63
1456) 23
1457) 67
1458) 77
1459) 34
1460) 74
1461) 5
1462) 69
1463) 77
1464) 34
1465) 48
1466) 45
1467) 72
1468) 14
1469) 47
1470) 58
1471) 71
1472) 47
1473) 55
1474) 40
1475) 70
1476) 80
1477) 41
1478) 82
1479) 68
1480) 6
1481) 17
1482) 9
1483) 23
1484) 64
1485) 63
1486) 33
1487) 10
1488) 76
1489) 37
1490) 24
1491) 9
1492) 29
1493) 85
1494) 23
1495) 44
1496) 78
1497) 24
1498) 84
1499) 23
1500) 63
1501) 64
1502) 74
1503) 15
1504) 6
1505) 69
1506) 18
1507) 10
1508) 75
1509) 44
1510) 64
1511) 23
1512) 9
1513) 84
1514) 51
1515) 36
1516) 74
1517) 85
1518) 70
1519) 33
1520) 62
1521) 11
1522) 54
1523) 41
1524) 9
1525) 32
1526) 16
1527) 32
1528) 49
1529) 49
1530) 81
1531) 43
1532) 69
1533) 12
1534) 50
1535) 20
1536) 82
1537) 27
1538) 51
1539) 78
1540) 47
1541) 32
1542) 39
1543) 29
1544) 74
1545) 30
1546) 61
1547) 50
1548) 12
1549) 67
1550) 18
1551) 53
1552) 19
1553) 42
1554) 67
1555) 37
1556) 40
1557) 37
1558) 47
1559) 56
1560) 27
1561) 13
1562) 75
1563) 29
1564) 20
1565) 69
1566) 40
1567) 49
1568) 9
1569) 20
1570) 68
1571) 56
1572) 39
1573) 41
1574) 48
1575) 33
1576) 82
1577) 85
1578) 15
1579) 82
1580) 62
1581) 47
1582) 10
1583) 63
1584) 20
1585) 18
1586) 82
1587) 25
1588) 64
1589) 27
1590) 50
1591) 48
1592) 81
1593) 73
1594) 59
1595) 13
1596) 28
1597) 67
1598) 44
1599) 8
1600) 23
1601) 18
1602) 54
1603) 26
1604) 61
1605) 62
1606) 37
1607) 64
1608) 7
1609) 34
1610) 45
1611) 61
1612) 65
1613) 8
1614) 64
1615) 14
1616) 35
1617) 71
1618) 76
1619) 19
1620) 74
1621) 40
1622) 52
1623) 83
1624) 69
1625) 84
1626) 63
1627) 40
1628) 13
1629) 16
1630) 25
1631) 41
1632) 75
1633) 76
1634) 15
1635) 6
1636) 45
1637) 7
1638) 82
1639) 57
1640) 58
1641) 64
1642) 74
1643) 18
1644) 62
1645) 40
1646) 15
1647) 78
1648) 59
1649) 54
1650) 58
1651) 33
1652) 26
1653) 9
1654) 22
1655) 28
1656) 67
1657) 49
1658) 27
1659) 6
1660) 61
1661) 71
1662) 7
1663) 37
1664) 10
1665) 84
1666) 6
1667) 50
1668) 14
1669) 72
1670) 39
1671) 50
1672) 74
1673) 5
1674) 26
1675) 37
1676) 61
1677) 83
1678) 41
1679) 28
1680) 83
1681) 20
1682) 38
1683) 58
1684) 48
1685) 48
1686) 20
1687) 25
1688) 59
1689) 60
1690) 58
1691) 58
1692) 60
1693) 53
1694) 40
1695) 46
1696) 70
1697) 61
1698) 69
1699) 37
1700) 80
1701) 60
1702) 61
1703) 6
1704) 71
1705) 45
1706) 26
1707) 5
1708) 33
1709) 66
1710) 49
1711) 59
1712) 76
1713) 26
1714) 53
1715) 7
1716) 73
1717) 54
1718) 12
1719) 53
1720) 68
1721) 48
1722) 48
1723) 33
1724) 71
1725) 35
1726) 58
1727) 55
1728) 44
1729) 17
1730) 48
1731) 8
1732) 35
1733) 36
1734) 74
1735) 31
1736) 54
1737) 60
1738) 61
1739) 73
1740) 80
1741) 18
1742) 51
1743) 44
1744) 77
1745) 48
1746) 30
1747) 56
1748) 34
1749) 68
1750) 10
1751) 69
1752) 84
1753) 23
1754) 16
1755) 57
1756) 30
1757) 75
1758) 11
1759) 16
1760) 56
1761) 58
1762) 58
1763) 25
1764) 76
1765) 47
1766) 61
1767) 67
1768) 57
1769) 38
1770) 12
1771) 68
1772) 31
1773) 25
1774) 61
1775) 43
1776) 25
1777) 26
1778) 39
1779) 23
1780) 74
1781) 69
1782) 46
1783) 31
1784) 16
1785) 80
1786) 9
1787) 29
1788) 18
1789) 13
1790) 82
1791) 67
1792) 23
1793) 33
1794) 13
1795) 34
1796) 52
1797) 11
1798) 62
1799) 37
1800) 18
1801) 56
1802) 17
1803) 77
1804) 80
1805) 78
1806) 46
1807) 71
1808) 58
1809) 16
1810) 78
1811) 27
1812) 66
1813) 55
1814) 84
1815) 84
1816) 35
1817) 31
1818) 75
1819) 68
1820) 65
1821) 70
1822) 85
1823) 14
1824) 16
1825) 52
1826) 68
1827) 72
1828) 55
1829) 13
1830) 12
1831) 32
1832) 26
1833) 66
1834) 71
1835) 39
1836) 23
1837) 28
1838) 16
1839) 12
1840) 9
1841) 41
1842) 51
1843) 32
1844) 46
1845) 6
1846) 34
1847) 81
1848) 24
1849) 16
1850) 16
1851) 50
1852) 57
1853) 11
1854) 67
1855) 16
1856) 37
1857) 6
1858) 85
1859) 32
1860) 26
1861) 46
1862) 68
1863) 77
1864) 67
1865) 28
1866) 24
1867) 61
1868) 31
1869) 32
1870) 8
1871) 66
1872) 20
1873) 84
1874) 66
1875) 48
1876) 53
1877) 53
1878) 50
1879) 80
1880) 79
1881) 54
1882) 68
1883) 30
1884) 79
1885) 59
1886) 54
1887) 72
1888) 6
1889) 7
1890) 9
1891) 53
1892) 32
1893) 85
1894) 72
1895) 81
1896) 38
1897) 57
1898) 22
1899) 64
1900) 29
1901) 20
1902) 24
1903) 53
1904) 18
1905) 81
1906) 60
1907) 27
1908) 18
1909) 53
1910) 77
1911) 32
1912) 59
1913) 73
1914) 30
1915) 32
1916) 68
1917) 54
1918) 75
1919) 33
1920) 64
1921) 73
1922) 15
1923) 10
1924) 18
1925) 7
1926) 11
1927) 18
1928) 68
1929) 33
1930) 73
1931) 53
1932) 81
1933) 70
1934) 8
1935) 76
1936) 84
1937) 68
1938) 12
1939) 9
1940) 75
1941) 55
1942) 22
1943) 52
1944) 71
1945) 63
1946) 9
1947) 53
1948) 83
1949) 28
1950) 20
1951) 83
1952) 17
1953) 27
1954) 84
1955) 64
1956) 27
1957) 66
1958) 10
1959) 55
1960) 21
1961) 36
1962) 27
1963) 58
1964) 8
1965) 77
1966) 5
1967) 60
1968) 31
1969) 17
1970) 57
1971) 41
1972) 45
1973) 49
1974) 55
1975) 43
1976) 67
1977) 41
1978) 38
1979) 22
1980) 35
1981) 66
1982) 5
1983) 22
1984) 61
1985) 60
1986) 26
1987) 32
1988) 25
1989) 60
1990) 45
1991) 30
1992) 40
1993) 69
1994) 52
1995) 64
1996) 84
1997) 80
1998) 66
1999) 49
2000) 77
